SKU, Subtotal, Total Price, VAT, Discount, Memory Usage
TEST-3030-RAW, 1320, 1980.0, 660.0, 0, 5 MB
TEST-3030-AMW, 1620, 2430.0, 810.0, 0, 5 MB
TEST-3030-ANW, 1520, 2280.0, 760.0, 0, 5 MB
TEST-3030-BLK, 1620, 2430.0, 810.0, 0, 5 MB
TEST-3030-NAV, 1620, 2430.0, 810.0, 0, 5 MB
TEST-3030-CHO, 1620, 2430.0, 810.0, 0, 5 MB
TEST-3030-ESP, 1620, 2430.0, 810.0, 0, 5 MB
TEST-3030-GRY, 1520, 2280.0, 760.0, 0, 5 MB
TEST-3030-LGRY, 1520, 2280.0, 760.0, 0, 5 MB
TEST-3030-PRM, 1420, 2130.0, 710.0, 0, 5 MB
TEST-3030-SAD, 1620, 2430.0, 810.0, 0, 5 MB
TEST-3030-SGRY, 1620, 2430.0, 810.0, 0, 5 MB
TEST-3030-WHT, 1520, 2280.0, 760.0, 0, 5 MB
TEST-3036-RAW, 1320, 1980.0, 660.0, 0, 5 MB
TEST-3036-AMW, 1620, 2430.0, 810.0, 0, 5 MB
TEST-3036-ANW, 1520, 2280.0, 760.0, 0, 5 MB
TEST-3036-BLK, 1620, 2430.0, 810.0, 0, 5 MB
TEST-3036-NAV, 1620, 2430.0, 810.0, 0, 5 MB
TEST-3036-CHO, 1620, 2430.0, 810.0, 0, 5 MB
TEST-3036-ESP, 1620, 2430.0, 810.0, 0, 5 MB
TEST-3036-GRY, 1520, 2280.0, 760.0, 0, 5 MB
TEST-3036-LGRY, 1520, 2280.0, 760.0, 0, 5 MB
TEST-3036-PRM, 1420, 2130.0, 710.0, 0, 5 MB
TEST-3036-SAD, 1620, 2430.0, 810.0, 0, 5 MB
TEST-3036-SGRY, 1620, 2430.0, 810.0, 0, 5 MB
TEST-3036-WHT, 1520, 2280.0, 760.0, 0, 5 MB
TEST-3048-RAW, 1430, 2145.0, 715.0, 0, 5 MB
TEST-3048-AMW, 1730, 2595.0, 865.0, 0, 5 MB
TEST-3048-ANW, 1630, 2445.0, 815.0, 0, 5 MB
TEST-3048-BLK, 1730, 2595.0, 865.0, 0, 5 MB
TEST-3048-NAV, 1730, 2595.0, 865.0, 0, 5 MB
TEST-3048-CHO, 1730, 2595.0, 865.0, 0, 5 MB
TEST-3048-ESP, 1730, 2595.0, 865.0, 0, 5 MB
TEST-3048-GRY, 1630, 2445.0, 815.0, 0, 5 MB
TEST-3048-LGRY, 1630, 2445.0, 815.0, 0, 5 MB
TEST-3048-PRM, 1530, 2295.0, 765.0, 0, 5 MB
TEST-3048-SAD, 1730, 2595.0, 865.0, 0, 5 MB
TEST-3048-SGRY, 1730, 2595.0, 865.0, 0, 5 MB
TEST-3048-WHT, 1630, 2445.0, 815.0, 0, 5 MB
TEST-3630-RAW, 1430, 2145.0, 715.0, 0, 5 MB
TEST-3630-AMW, 1730, 2595.0, 865.0, 0, 5 MB
TEST-3630-ANW, 1630, 2445.0, 815.0, 0, 5 MB
TEST-3630-BLK, 1730, 2595.0, 865.0, 0, 5 MB
TEST-3630-NAV, 1730, 2595.0, 865.0, 0, 5 MB
TEST-3630-CHO, 1730, 2595.0, 865.0, 0, 5 MB
TEST-3630-ESP, 1730, 2595.0, 865.0, 0, 5 MB
TEST-3630-GRY, 1630, 2445.0, 815.0, 0, 5 MB
TEST-3630-LGRY, 1630, 2445.0, 815.0, 0, 5 MB
TEST-3630-PRM, 1530, 2295.0, 765.0, 0, 5 MB
TEST-3630-SAD, 1730, 2595.0, 865.0, 0, 5 MB
TEST-3630-SGRY, 1730, 2595.0, 865.0, 0, 5 MB
TEST-3630-WHT, 1630, 2445.0, 815.0, 0, 5 MB
TEST-3636-RAW, 1430, 2145.0, 715.0, 0, 5 MB
TEST-3636-AMW, 1730, 2595.0, 865.0, 0, 5 MB
TEST-3636-ANW, 1630, 2445.0, 815.0, 0, 5 MB
TEST-3636-BLK, 1730, 2595.0, 865.0, 0, 5 MB
TEST-3636-NAV, 1730, 2595.0, 865.0, 0, 5 MB
TEST-3636-CHO, 1730, 2595.0, 865.0, 0, 5 MB
TEST-3636-ESP, 1730, 2595.0, 865.0, 0, 5 MB
TEST-3636-GRY, 1630, 2445.0, 815.0, 0, 5 MB
TEST-3636-LGRY, 1630, 2445.0, 815.0, 0, 5 MB
TEST-3636-PRM, 1530, 2295.0, 765.0, 0, 5 MB
TEST-3636-SAD, 1730, 2595.0, 865.0, 0, 5 MB
TEST-3636-SGRY, 1730, 2595.0, 865.0, 0, 5 MB
TEST-3636-WHT, 1630, 2445.0, 815.0, 0, 5 MB
TEST-3648-RAW, 1460, 2190.0, 730.0, 0, 5 MB
TEST-3648-AMW, 1760, 2640.0, 880.0, 0, 5 MB
TEST-3648-ANW, 1660, 2490.0, 830.0, 0, 5 MB
TEST-3648-BLK, 1760, 2640.0, 880.0, 0, 5 MB
TEST-3648-NAV, 1760, 2640.0, 880.0, 0, 5 MB
TEST-3648-CHO, 1760, 2640.0, 880.0, 0, 5 MB
TEST-3648-ESP, 1760, 2640.0, 880.0, 0, 5 MB
TEST-3648-GRY, 1660, 2490.0, 830.0, 0, 5 MB
TEST-3648-LGRY, 1660, 2490.0, 830.0, 0, 5 MB
TEST-3648-PRM, 1560, 2340.0, 780.0, 0, 5 MB
TEST-3648-SAD, 1760, 2640.0, 880.0, 0, 5 MB
TEST-3648-SGRY, 1760, 2640.0, 880.0, 0, 5 MB
TEST-3648-WHT, 1660, 2490.0, 830.0, 0, 5 MB
TEST-4230-RAW, 1485, 2227.5, 742.5, 0, 5 MB
TEST-4230-AMW, 1785, 2677.5, 892.5, 0, 5 MB
TEST-4230-ANW, 1685, 2527.5, 842.5, 0, 5 MB
TEST-4230-BLK, 1785, 2677.5, 892.5, 0, 5 MB
TEST-4230-NAV, 1785, 2677.5, 892.5, 0, 5 MB
TEST-4230-CHO, 1785, 2677.5, 892.5, 0, 5 MB
TEST-4230-ESP, 1785, 2677.5, 892.5, 0, 5 MB
TEST-4230-GRY, 1685, 2527.5, 842.5, 0, 5 MB
TEST-4230-LGRY, 1685, 2527.5, 842.5, 0, 5 MB
TEST-4230-PRM, 1585, 2377.5, 792.5, 0, 5 MB
TEST-4230-SAD, 1785, 2677.5, 892.5, 0, 5 MB
TEST-4230-SGRY, 1785, 2677.5, 892.5, 0, 5 MB
TEST-4230-WHT, 1685, 2527.5, 842.5, 0, 5 MB
TEST-4236-RAW, 1485, 2227.5, 742.5, 0, 5 MB
TEST-4236-AMW, 1785, 2677.5, 892.5, 0, 5 MB
TEST-4236-ANW, 1685, 2527.5, 842.5, 0, 5 MB
TEST-4236-BLK, 1785, 2677.5, 892.5, 0, 5 MB
TEST-4236-NAV, 1785, 2677.5, 892.5, 0, 5 MB
TEST-4236-CHO, 1785, 2677.5, 892.5, 0, 5 MB
TEST-4236-ESP, 1785, 2677.5, 892.5, 0, 5 MB
TEST-4236-GRY, 1685, 2527.5, 842.5, 0, 5 MB
TEST-4236-LGRY, 1685, 2527.5, 842.5, 0, 5 MB
TEST-4236-PRM, 1585, 2377.5, 792.5, 0, 5 MB
TEST-4236-SAD, 1785, 2677.5, 892.5, 0, 5 MB
TEST-4236-SGRY, 1785, 2677.5, 892.5, 0, 5 MB
TEST-4236-WHT, 1685, 2527.5, 842.5, 0, 5 MB
TEST-4248-RAW, 1570, 2355.0, 785.0, 0, 5 MB
TEST-4248-AMW, 1870, 2805.0, 935.0, 0, 5 MB
TEST-4248-ANW, 1770, 2655.0, 885.0, 0, 5 MB
TEST-4248-BLK, 1870, 2805.0, 935.0, 0, 5 MB
TEST-4248-NAV, 1870, 2805.0, 935.0, 0, 5 MB
TEST-4248-CHO, 1870, 2805.0, 935.0, 0, 5 MB
TEST-4248-ESP, 1870, 2805.0, 935.0, 0, 5 MB
TEST-4248-GRY, 1770, 2655.0, 885.0, 0, 5 MB
TEST-4248-LGRY, 1770, 2655.0, 885.0, 0, 5 MB
TEST-4248-PRM, 1670, 2505.0, 835.0, 0, 5 MB
TEST-4248-SAD, 1870, 2805.0, 935.0, 0, 5 MB
TEST-4248-SGRY, 1870, 2805.0, 935.0, 0, 5 MB
TEST-4248-WHT, 1770, 2655.0, 885.0, 0, 5 MB
TEST-4830-RAW, 1570, 2355.0, 785.0, 0, 5 MB
TEST-4830-AMW, 1870, 2805.0, 935.0, 0, 5 MB
TEST-4830-ANW, 1770, 2655.0, 885.0, 0, 5 MB
TEST-4830-BLK, 1870, 2805.0, 935.0, 0, 5 MB
TEST-4830-NAV, 1870, 2805.0, 935.0, 0, 5 MB
TEST-4830-CHO, 1870, 2805.0, 935.0, 0, 5 MB
TEST-4830-ESP, 1870, 2805.0, 935.0, 0, 5 MB
TEST-4830-GRY, 1770, 2655.0, 885.0, 0, 5 MB
TEST-4830-LGRY, 1770, 2655.0, 885.0, 0, 5 MB
TEST-4830-PRM, 1670, 2505.0, 835.0, 0, 5 MB
TEST-4830-SAD, 1870, 2805.0, 935.0, 0, 5 MB
TEST-4830-SGRY, 1870, 2805.0, 935.0, 0, 5 MB
TEST-4830-WHT, 1770, 2655.0, 885.0, 0, 5 MB
TEST-4836-RAW, 1570, 2355.0, 785.0, 0, 5 MB
TEST-4836-AMW, 1870, 2805.0, 935.0, 0, 5 MB
TEST-4836-ANW, 1770, 2655.0, 885.0, 0, 5 MB
TEST-4836-BLK, 1870, 2805.0, 935.0, 0, 5 MB
TEST-4836-NAV, 1870, 2805.0, 935.0, 0, 5 MB
TEST-4836-CHO, 1870, 2805.0, 935.0, 0, 5 MB
TEST-4836-ESP, 1870, 2805.0, 935.0, 0, 5 MB
TEST-4836-GRY, 1770, 2655.0, 885.0, 0, 5 MB
TEST-4836-LGRY, 1770, 2655.0, 885.0, 0, 5 MB
TEST-4836-PRM, 1670, 2505.0, 835.0, 0, 5 MB
TEST-4836-SAD, 1870, 2805.0, 935.0, 0, 5 MB
TEST-4836-SGRY, 1870, 2805.0, 935.0, 0, 5 MB
TEST-4836-WHT, 1770, 2655.0, 885.0, 0, 5 MB
TEST-4848-RAW, 1705, 2557.5, 852.5, 0, 5 MB
TEST-4848-AMW, 2005, 3007.5, 1002.5, 0, 5 MB
TEST-4848-ANW, 1905, 2857.5, 952.5, 0, 5 MB
TEST-4848-BLK, 2005, 3007.5, 1002.5, 0, 5 MB
TEST-4848-NAV, 2005, 3007.5, 1002.5, 0, 5 MB
TEST-4848-CHO, 2005, 3007.5, 1002.5, 0, 5 MB
TEST-4848-ESP, 2005, 3007.5, 1002.5, 0, 5 MB
TEST-4848-GRY, 1905, 2857.5, 952.5, 0, 5 MB
TEST-4848-LGRY, 1905, 2857.5, 952.5, 0, 5 MB
TEST-4848-PRM, 1805, 2707.5, 902.5, 0, 5 MB
TEST-4848-SAD, 2005, 3007.5, 1002.5, 0, 5 MB
TEST-4848-SGRY, 2005, 3007.5, 1002.5, 0, 5 MB
TEST-4848-WHT, 1905, 2857.5, 952.5, 0, 5 MB
TEST-5430-RAW, 1705, 2557.5, 852.5, 0, 5 MB
TEST-5430-AMW, 2005, 3007.5, 1002.5, 0, 5 MB
TEST-5430-ANW, 1905, 2857.5, 952.5, 0, 5 MB
TEST-5430-BLK, 2005, 3007.5, 1002.5, 0, 5 MB
TEST-5430-NAV, 2005, 3007.5, 1002.5, 0, 5 MB
TEST-5430-CHO, 2005, 3007.5, 1002.5, 0, 5 MB
TEST-5430-ESP, 2005, 3007.5, 1002.5, 0, 5 MB
TEST-5430-GRY, 1905, 2857.5, 952.5, 0, 5 MB
TEST-5430-LGRY, 1905, 2857.5, 952.5, 0, 5 MB
TEST-5430-PRM, 1805, 2707.5, 902.5, 0, 5 MB
TEST-5430-SAD, 2005, 3007.5, 1002.5, 0, 5 MB
TEST-5430-SGRY, 2005, 3007.5, 1002.5, 0, 5 MB
TEST-5430-WHT, 1905, 2857.5, 952.5, 0, 5 MB
TEST-5436-RAW, 1705, 2557.5, 852.5, 0, 5 MB
TEST-5436-AMW, 2005, 3007.5, 1002.5, 0, 5 MB
TEST-5436-ANW, 1905, 2857.5, 952.5, 0, 5 MB
TEST-5436-BLK, 2005, 3007.5, 1002.5, 0, 5 MB
TEST-5436-NAV, 2005, 3007.5, 1002.5, 0, 5 MB
TEST-5436-CHO, 2005, 3007.5, 1002.5, 0, 5 MB
TEST-5436-ESP, 2005, 3007.5, 1002.5, 0, 5 MB
TEST-5436-GRY, 1905, 2857.5, 952.5, 0, 5 MB
TEST-5436-LGRY, 1905, 2857.5, 952.5, 0, 5 MB
TEST-5436-PRM, 1805, 2707.5, 902.5, 0, 5 MB
TEST-5436-SAD, 2005, 3007.5, 1002.5, 0, 5 MB
TEST-5436-SGRY, 2005, 3007.5, 1002.5, 0, 5 MB
TEST-5436-WHT, 1905, 2857.5, 952.5, 0, 5 MB
TEST-5448-RAW, 1815, 2722.5, 907.5, 0, 5 MB
TEST-5448-AMW, 2115, 3172.5, 1057.5, 0, 5 MB
TEST-5448-ANW, 2015, 3022.5, 1007.5, 0, 5 MB
TEST-5448-BLK, 2115, 3172.5, 1057.5, 0, 5 MB
TEST-5448-NAV, 2115, 3172.5, 1057.5, 0, 5 MB
TEST-5448-CHO, 2115, 3172.5, 1057.5, 0, 5 MB
TEST-5448-ESP, 2115, 3172.5, 1057.5, 0, 5 MB
TEST-5448-GRY, 2015, 3022.5, 1007.5, 0, 5 MB
TEST-5448-LGRY, 2015, 3022.5, 1007.5, 0, 5 MB
TEST-5448-PRM, 1915, 2872.5, 957.5, 0, 5 MB
TEST-5448-SAD, 2115, 3172.5, 1057.5, 0, 5 MB
TEST-5448-SGRY, 2115, 3172.5, 1057.5, 0, 5 MB
TEST-5448-WHT, 2015, 3022.5, 1007.5, 0, 5 MB
TEST-6030-RAW, 1870, 2805.0, 935.0, 0, 5 MB
TEST-6030-AMW, 2170, 3255.0, 1085.0, 0, 5 MB
TEST-6030-ANW, 2070, 3105.0, 1035.0, 0, 5 MB
TEST-6030-BLK, 2170, 3255.0, 1085.0, 0, 5 MB
TEST-6030-NAV, 2170, 3255.0, 1085.0, 0, 5 MB
TEST-6030-CHO, 2170, 3255.0, 1085.0, 0, 5 MB
TEST-6030-ESP, 2170, 3255.0, 1085.0, 0, 5 MB
TEST-6030-GRY, 2070, 3105.0, 1035.0, 0, 5 MB
TEST-6030-LGRY, 2070, 3105.0, 1035.0, 0, 5 MB
TEST-6030-PRM, 1970, 2955.0, 985.0, 0, 5 MB
TEST-6030-SAD, 2170, 3255.0, 1085.0, 0, 5 MB
TEST-6030-SGRY, 2170, 3255.0, 1085.0, 0, 5 MB
TEST-6030-WHT, 2070, 3105.0, 1035.0, 0, 5 MB
TEST-6036-RAW, 1870, 2805.0, 935.0, 0, 5 MB
TEST-6036-AMW, 2170, 3255.0, 1085.0, 0, 5 MB
TEST-6036-ANW, 2070, 3105.0, 1035.0, 0, 5 MB
TEST-6036-BLK, 2170, 3255.0, 1085.0, 0, 5 MB
TEST-6036-NAV, 2170, 3255.0, 1085.0, 0, 5 MB
TEST-6036-CHO, 2170, 3255.0, 1085.0, 0, 5 MB
TEST-6036-ESP, 2170, 3255.0, 1085.0, 0, 5 MB
TEST-6036-GRY, 2070, 3105.0, 1035.0, 0, 5 MB
TEST-6036-LGRY, 2070, 3105.0, 1035.0, 0, 5 MB
TEST-6036-PRM, 1970, 2955.0, 985.0, 0, 5 MB
TEST-6036-SAD, 2170, 3255.0, 1085.0, 0, 5 MB
TEST-6036-SGRY, 2170, 3255.0, 1085.0, 0, 5 MB
TEST-6036-WHT, 2070, 3105.0, 1035.0, 0, 5 MB
TEST-6048-RAW, 1925, 2887.5, 962.5, 0, 5 MB
TEST-6048-AMW, 2225, 3337.5, 1112.5, 0, 5 MB
TEST-6048-ANW, 2125, 3187.5, 1062.5, 0, 5 MB
TEST-6048-BLK, 2225, 3337.5, 1112.5, 0, 5 MB
TEST-6048-NAV, 2225, 3337.5, 1112.5, 0, 5 MB
TEST-6048-CHO, 2225, 3337.5, 1112.5, 0, 5 MB
TEST-6048-ESP, 2225, 3337.5, 1112.5, 0, 5 MB
TEST-6048-GRY, 2125, 3187.5, 1062.5, 0, 5 MB
TEST-6048-LGRY, 2125, 3187.5, 1062.5, 0, 5 MB
TEST-6048-PRM, 2025, 3037.5, 1012.5, 0, 5 MB
TEST-6048-SAD, 2225, 3337.5, 1112.5, 0, 5 MB
TEST-6048-SGRY, 2225, 3337.5, 1112.5, 0, 5 MB
TEST-6048-WHT, 2125, 3187.5, 1062.5, 0, 5 MB
